# d_ref=1	i_ref=4
M	D	I	n	solution_count
1	0	1	1	1
2	0	2	1	1
3	0	3	1	1
4	0	4	1	1
5	1	4	1	1
6	1	5	1	1
7	1	6	1	1
8	1	7	1	1
9	1	8	1	1
10	2	8	1	1
11	2	9	1	1
12	2	10	1	1
13	2	11	1	1
14	2	12	1	1
15	3	12	1	1
16	3	13	1	1
17	3	14	1	1
18	3	15	1	1
19	3	16	1	1
20	4	16	1	1
1	0	1	2	0
2	0	2	2	1
3	0	3	2	2
4	0	4	2	3
5	1	4	2	8
6	1	5	2	10
7	1	6	2	12
8	1	7	2	14
9	1	8	2	16
10	2	8	2	34
11	2	9	2	38
12	2	10	2	42
13	2	11	2	46
14	2	12	2	50
15	3	12	2	102
16	3	13	2	110
17	3	14	2	118
18	3	15	2	126
19	3	16	2	134
20	4	16	2	270
1	0	1	3	0
2	0	2	3	0
3	0	3	3	1
4	0	4	3	3
5	1	4	3	18
6	1	5	3	30
7	1	6	3	45
8	1	7	3	63
9	1	8	3	84
10	2	8	3	300
11	2	9	3	378
12	2	10	3	465
13	2	11	3	561
14	2	12	3	666
15	3	12	3	2148
16	3	13	3	2502
17	3	14	3	2883
18	3	15	3	3291
19	3	16	3	3726
20	4	16	3	11580
1	0	1	4	0
2	0	2	4	0
3	0	3	4	0
4	0	4	4	1
5	1	4	4	16
6	1	5	4	40
7	1	6	4	80
8	1	7	4	140
9	1	8	4	224
10	2	8	4	1232
11	2	9	4	1776
12	2	10	4	2460
13	2	11	4	3300
14	2	12	4	4312
15	3	12	4	19912
16	3	13	4	25168
17	3	14	4	31276
18	3	15	4	38300
19	3	16	4	46304
20	4	16	4	200120
1	0	1	5	0
2	0	2	5	0
3	0	3	5	0
4	0	4	5	0
5	1	4	5	5
6	1	5	5	25
7	1	6	5	75
8	1	7	5	175
9	1	8	5	350
10	2	8	5	2870
11	2	9	5	4830
12	2	10	5	7650
13	2	11	5	11550
14	2	12	5	16775
15	3	12	5	105435
16	3	13	5	145535
17	3	14	5	196105
18	3	15	5	258825
19	3	16	5	335500
20	4	16	5	1909020
1	0	1	6	0
2	0	2	6	0
3	0	3	6	0
4	0	4	6	0
5	1	4	6	0
6	1	5	6	6
7	1	6	6	36
8	1	7	6	126
9	1	8	6	336
10	2	8	6	4116
11	2	9	6	8316
12	2	10	6	15372
13	2	11	6	26532
14	2	12	6	43362
15	3	12	6	360822
16	3	13	6	548262
17	3	14	6	806442
18	3	15	6	1153698
19	3	16	6	1611288
20	4	16	6	11680728
1	0	1	7	0
2	0	2	7	0
3	0	3	7	0
4	0	4	7	0
5	1	4	7	0
6	1	5	7	0
7	1	6	7	7
8	1	7	7	49
9	1	8	7	196
10	2	8	7	3724
11	2	9	7	9408
12	2	10	7	20874
13	2	11	7	42042
14	2	12	7	78540
15	3	12	7	853314
16	3	13	7	1441440
17	3	14	7	2333331
18	3	15	7	3643003
19	3	16	7	5513872
20	4	16	7	49876120
1	0	1	8	0
2	0	2	8	0
3	0	3	8	0
4	0	4	8	0
5	1	4	8	0
6	1	5	8	0
7	1	6	8	0
8	1	7	8	8
9	1	8	8	64
10	2	8	8	2080
11	2	9	8	7008
12	2	10	8	19440
13	2	11	8	46992
14	2	12	8	102432
15	3	12	8	1447776
16	3	13	8	2752464
17	3	14	8	4952376
18	3	15	8	8507928
19	3	16	8	14051648
20	4	16	8	156524160
1	0	1	9	0
2	0	2	9	0
3	0	3	9	0
4	0	4	9	0
5	1	4	9	0
6	1	5	9	0
7	1	6	9	0
8	1	7	9	0
9	1	8	9	9
10	2	8	9	657
11	2	9	9	3321
12	2	10	9	12285
13	2	11	9	37125
14	2	12	9	97119
15	3	12	9	1795959
16	3	13	9	3903471
17	3	14	9	7903467
18	3	15	9	15090075
19	3	16	9	27420822
20	4	16	9	373252230
1	0	1	10	0
2	0	2	10	0
3	0	3	10	0
4	0	4	10	0
5	1	4	10	0
6	1	5	10	0
7	1	6	10	0
8	1	7	10	0
9	1	8	10	0
10	2	8	10	90
11	2	9	10	910
12	2	10	10	5050
13	2	11	10	20350
14	2	12	10	66550
15	3	12	10	1636690
16	3	13	10	4151290
17	3	14	10	9608170
18	3	15	10	20642050
19	3	16	10	41684500
20	4	16	10	691053220
1	0	1	11	0
2	0	2	11	0
3	0	3	11	0
4	0	4	11	0
5	1	4	11	0
6	1	5	11	0
7	1	6	11	0
8	1	7	11	0
9	1	8	11	0
10	2	8	11	0
11	2	9	11	110
12	2	10	11	1221
13	2	11	11	7381
14	2	12	11	32186
15	3	12	11	1086096
16	3	13	11	3306446
17	3	14	11	8929921
18	3	15	11	21929193
19	3	16	11	49826348
20	4	16	11	1006619328
1	0	1	12	0
2	0	2	12	0
3	0	3	12	0
4	0	4	12	0
5	1	4	12	0
6	1	5	12	0
7	1	6	12	0
8	1	7	12	0
9	1	8	12	0
10	2	8	12	0
11	2	9	12	0
12	2	10	12	132
13	2	11	12	1596
14	2	12	12	10440
15	3	12	12	511512
16	3	13	12	1946880
17	3	14	12	6310668
18	3	15	12	18082428
19	3	16	12	46960992
20	4	16	12	1161448080
1	0	1	13	0
2	0	2	13	0
3	0	3	13	0
4	0	4	13	0
5	1	4	13	0
6	1	5	13	0
7	1	6	13	0
8	1	7	13	0
9	1	8	13	0
10	2	8	13	0
11	2	9	13	0
12	2	10	13	0
13	2	11	13	156
14	2	12	13	2041
15	3	12	13	162253
16	3	13	13	823537
17	3	14	13	3337243
18	3	15	13	11476283
19	3	16	13	34775468
20	4	16	13	1062573980
1	0	1	14	0
2	0	2	14	0
3	0	3	14	0
4	0	4	14	0
5	1	4	14	0
6	1	5	14	0
7	1	6	14	0
8	1	7	14	0
9	1	8	14	0
10	2	8	14	0
11	2	9	14	0
12	2	10	14	0
13	2	11	14	0
14	2	12	14	182
15	3	12	14	31122
16	3	13	14	236978
17	3	14	14	1280566
18	3	15	14	5505150
19	3	16	14	20019832
20	4	16	14	767134200
1	0	1	15	0
2	0	2	15	0
3	0	3	15	0
4	0	4	15	0
5	1	4	15	0
6	1	5	15	0
7	1	6	15	0
8	1	7	15	0
9	1	8	15	0
10	2	8	15	0
11	2	9	15	0
12	2	10	15	0
13	2	11	15	0
14	2	12	15	0
15	3	12	15	2730
16	3	13	15	41580
17	3	14	15	337065
18	3	15	15	1932225
19	3	16	15	8784000
20	4	16	15	432057480
1	0	1	16	0
2	0	2	16	0
3	0	3	16	0
4	0	4	16	0
5	1	4	16	0
6	1	5	16	0
7	1	6	16	0
8	1	7	16	0
9	1	8	16	0
10	2	8	16	0
11	2	9	16	0
12	2	10	16	0
13	2	11	16	0
14	2	12	16	0
15	3	12	16	0
16	3	13	16	3360
17	3	14	16	54480
18	3	15	16	468496
19	3	16	16	2839936
20	4	16	16	185982976
1	0	1	17	0
2	0	2	17	0
3	0	3	17	0
4	0	4	17	0
5	1	4	17	0
6	1	5	17	0
7	1	6	17	0
8	1	7	17	0
9	1	8	17	0
10	2	8	17	0
11	2	9	17	0
12	2	10	17	0
13	2	11	17	0
14	2	12	17	0
15	3	12	17	0
16	3	13	17	0
17	3	14	17	4080
18	3	15	17	70176
19	3	16	17	638129
20	4	16	17	59127105
1	0	1	18	0
2	0	2	18	0
3	0	3	18	0
4	0	4	18	0
5	1	4	18	0
6	1	5	18	0
7	1	6	18	0
8	1	7	18	0
9	1	8	18	0
10	2	8	18	0
11	2	9	18	0
12	2	10	18	0
13	2	11	18	0
14	2	12	18	0
15	3	12	18	0
16	3	13	18	0
17	3	14	18	0
18	3	15	18	4896
19	3	16	18	89046
20	4	16	18	13089150
1	0	1	19	0
2	0	2	19	0
3	0	3	19	0
4	0	4	19	0
5	1	4	19	0
6	1	5	19	0
7	1	6	19	0
8	1	7	19	0
9	1	8	19	0
10	2	8	19	0
11	2	9	19	0
12	2	10	19	0
13	2	11	19	0
14	2	12	19	0
15	3	12	19	0
16	3	13	19	0
17	3	14	19	0
18	3	15	19	0
19	3	16	19	5814
20	4	16	19	1802340
1	0	1	20	0
2	0	2	20	0
3	0	3	20	0
4	0	4	20	0
5	1	4	20	0
6	1	5	20	0
7	1	6	20	0
8	1	7	20	0
9	1	8	20	0
10	2	8	20	0
11	2	9	20	0
12	2	10	20	0
13	2	11	20	0
14	2	12	20	0
15	3	12	20	0
16	3	13	20	0
17	3	14	20	0
18	3	15	20	0
19	3	16	20	0
20	4	16	20	116280
