# d_ref=1	i_ref=9
M	D	I	n	solution_count
1	0	1	1	1
2	0	2	1	1
3	0	3	1	1
4	0	4	1	1
5	0	5	1	1
6	0	6	1	1
7	0	7	1	1
8	0	8	1	1
9	0	9	1	1
10	1	9	1	1
11	1	10	1	1
12	1	11	1	1
13	1	12	1	1
14	1	13	1	1
15	1	14	1	1
16	1	15	1	1
17	1	16	1	1
18	1	17	1	1
19	1	18	1	1
20	2	18	1	1
1	0	1	2	0
2	0	2	2	1
3	0	3	2	2
4	0	4	2	3
5	0	5	2	4
6	0	6	2	5
7	0	7	2	6
8	0	8	2	7
9	0	9	2	8
10	1	9	2	18
11	1	10	2	20
12	1	11	2	22
13	1	12	2	24
14	1	13	2	26
15	1	14	2	28
16	1	15	2	30
17	1	16	2	32
18	1	17	2	34
19	1	18	2	36
20	2	18	2	74
1	0	1	3	0
2	0	2	3	0
3	0	3	3	1
4	0	4	3	3
5	0	5	3	6
6	0	6	3	10
7	0	7	3	15
8	0	8	3	21
9	0	9	3	28
10	1	9	3	108
11	1	10	3	135
12	1	11	3	165
13	1	12	3	198
14	1	13	3	234
15	1	14	3	273
16	1	15	3	315
17	1	16	3	360
18	1	17	3	408
19	1	18	3	459
20	2	18	3	1485
1	0	1	4	0
2	0	2	4	0
3	0	3	4	0
4	0	4	4	1
5	0	5	4	4
6	0	6	4	10
7	0	7	4	20
8	0	8	4	35
9	0	9	4	56
10	1	9	4	336
11	1	10	4	480
12	1	11	4	660
13	1	12	4	880
14	1	13	4	1144
15	1	14	4	1456
16	1	15	4	1820
17	1	16	4	2240
18	1	17	4	2720
19	1	18	4	3264
20	2	18	4	14892
1	0	1	5	0
2	0	2	5	0
3	0	3	5	0
4	0	4	5	0
5	0	5	5	1
6	0	6	5	5
7	0	7	5	15
8	0	8	5	35
9	0	9	5	70
10	1	9	5	630
11	1	10	5	1050
12	1	11	5	1650
13	1	12	5	2475
14	1	13	5	3575
15	1	14	5	5005
16	1	15	5	6825
17	1	16	5	9100
18	1	17	5	11900
19	1	18	5	15300
20	2	18	5	92820
1	0	1	6	0
2	0	2	6	0
3	0	3	6	0
4	0	4	6	0
5	0	5	6	0
6	0	6	6	1
7	0	7	6	6
8	0	8	6	21
9	0	9	6	56
10	1	9	6	756
11	1	10	6	1512
12	1	11	6	2772
13	1	12	6	4752
14	1	13	6	7722
15	1	14	6	12012
16	1	15	6	18018
17	1	16	6	26208
18	1	17	6	37128
19	1	18	6	51408
20	2	18	6	400248
1	0	1	7	0
2	0	2	7	0
3	0	3	7	0
4	0	4	7	0
5	0	5	7	0
6	0	6	7	0
7	0	7	7	1
8	0	8	7	7
9	0	9	7	28
10	1	9	7	588
11	1	10	7	1470
12	1	11	7	3234
13	1	12	7	6468
14	1	13	7	12012
15	1	14	7	21021
16	1	15	7	35035
17	1	16	7	56056
18	1	17	7	86632
19	1	18	7	129948
20	2	18	7	1269492
1	0	1	8	0
2	0	2	8	0
3	0	3	8	0
4	0	4	8	0
5	0	5	8	0
6	0	6	8	0
7	0	7	8	0
8	0	8	8	1
9	0	9	8	8
10	1	9	8	288
11	1	10	8	960
12	1	11	8	2640
13	1	12	8	6336
14	1	13	8	13728
15	1	14	8	27456
16	1	15	8	51480
17	1	16	8	91520
18	1	17	8	155584
19	1	18	8	254592
20	2	18	8	3076320
1	0	1	9	0
2	0	2	9	0
3	0	3	9	0
4	0	4	9	0
5	0	5	9	0
6	0	6	9	0
7	0	7	9	0
8	0	8	9	0
9	0	9	9	1
10	1	9	9	81
11	1	10	9	405
12	1	11	9	1485
13	1	12	9	4455
14	1	13	9	11583
15	1	14	9	27027
16	1	15	9	57915
17	1	16	9	115830
18	1	17	9	218790
19	1	18	9	393822
20	2	18	9	5835726
1	0	1	10	0
2	0	2	10	0
3	0	3	10	0
4	0	4	10	0
5	0	5	10	0
6	0	6	10	0
7	0	7	10	0
8	0	8	10	0
9	0	9	10	0
10	1	9	10	10
11	1	10	10	100
12	1	11	10	550
13	1	12	10	2200
14	1	13	10	7150
15	1	14	10	20020
16	1	15	10	50050
17	1	16	10	114400
18	1	17	10	243100
19	1	18	10	486200
20	2	18	10	8800220
1	0	1	11	0
2	0	2	11	0
3	0	3	11	0
4	0	4	11	0
5	0	5	11	0
6	0	6	11	0
7	0	7	11	0
8	0	8	11	0
9	0	9	11	0
10	1	9	11	0
11	1	10	11	11
12	1	11	11	121
13	1	12	11	726
14	1	13	11	3146
15	1	14	11	11011
16	1	15	11	33033
17	1	16	11	88088
18	1	17	11	213928
19	1	18	11	481338
20	2	18	11	10642918
1	0	1	12	0
2	0	2	12	0
3	0	3	12	0
4	0	4	12	0
5	0	5	12	0
6	0	6	12	0
7	0	7	12	0
8	0	8	12	0
9	0	9	12	0
10	1	9	12	0
11	1	10	12	0
12	1	11	12	12
13	1	12	12	144
14	1	13	12	936
15	1	14	12	4368
16	1	15	12	16380
17	1	16	12	52416
18	1	17	12	148512
19	1	18	12	381888
20	2	18	12	10358712
1	0	1	13	0
2	0	2	13	0
3	0	3	13	0
4	0	4	13	0
5	0	5	13	0
6	0	6	13	0
7	0	7	13	0
8	0	8	13	0
9	0	9	13	0
10	1	9	13	0
11	1	10	13	0
12	1	11	13	0
13	1	12	13	13
14	1	13	13	169
15	1	14	13	1183
16	1	15	13	5915
17	1	16	13	23660
18	1	17	13	80444
19	1	18	13	241332
20	2	18	13	8101860
1	0	1	14	0
2	0	2	14	0
3	0	3	14	0
4	0	4	14	0
5	0	5	14	0
6	0	6	14	0
7	0	7	14	0
8	0	8	14	0
9	0	9	14	0
10	1	9	14	0
11	1	10	14	0
12	1	11	14	0
13	1	12	14	0
14	1	13	14	14
15	1	14	14	196
16	1	15	14	1470
17	1	16	14	7840
18	1	17	14	33320
19	1	18	14	119952
20	2	18	14	5057976
1	0	1	15	0
2	0	2	15	0
3	0	3	15	0
4	0	4	15	0
5	0	5	15	0
6	0	6	15	0
7	0	7	15	0
8	0	8	15	0
9	0	9	15	0
10	1	9	15	0
11	1	10	15	0
12	1	11	15	0
13	1	12	15	0
14	1	13	15	0
15	1	14	15	15
16	1	15	15	225
17	1	16	15	1800
18	1	17	15	10200
19	1	18	15	45900
20	2	18	15	2487780
1	0	1	16	0
2	0	2	16	0
3	0	3	16	0
4	0	4	16	0
5	0	5	16	0
6	0	6	16	0
7	0	7	16	0
8	0	8	16	0
9	0	9	16	0
10	1	9	16	0
11	1	10	16	0
12	1	11	16	0
13	1	12	16	0
14	1	13	16	0
15	1	14	16	0
16	1	15	16	16
17	1	16	16	256
18	1	17	16	2176
19	1	18	16	13056
20	2	18	16	943296
1	0	1	17	0
2	0	2	17	0
3	0	3	17	0
4	0	4	17	0
5	0	5	17	0
6	0	6	17	0
7	0	7	17	0
8	0	8	17	0
9	0	9	17	0
10	1	9	17	0
11	1	10	17	0
12	1	11	17	0
13	1	12	17	0
14	1	13	17	0
15	1	14	17	0
16	1	15	17	0
17	1	16	17	17
18	1	17	17	289
19	1	18	17	2601
20	2	18	17	266169
1	0	1	18	0
2	0	2	18	0
3	0	3	18	0
4	0	4	18	0
5	0	5	18	0
6	0	6	18	0
7	0	7	18	0
8	0	8	18	0
9	0	9	18	0
10	1	9	18	0
11	1	10	18	0
12	1	11	18	0
13	1	12	18	0
14	1	13	18	0
15	1	14	18	0
16	1	15	18	0
17	1	16	18	0
18	1	17	18	18
19	1	18	18	324
20	2	18	18	52650
1	0	1	19	0
2	0	2	19	0
3	0	3	19	0
4	0	4	19	0
5	0	5	19	0
6	0	6	19	0
7	0	7	19	0
8	0	8	19	0
9	0	9	19	0
10	1	9	19	0
11	1	10	19	0
12	1	11	19	0
13	1	12	19	0
14	1	13	19	0
15	1	14	19	0
16	1	15	19	0
17	1	16	19	0
18	1	17	19	0
19	1	18	19	19
20	2	18	19	6517
1	0	1	20	0
2	0	2	20	0
3	0	3	20	0
4	0	4	20	0
5	0	5	20	0
6	0	6	20	0
7	0	7	20	0
8	0	8	20	0
9	0	9	20	0
10	1	9	20	0
11	1	10	20	0
12	1	11	20	0
13	1	12	20	0
14	1	13	20	0
15	1	14	20	0
16	1	15	20	0
17	1	16	20	0
18	1	17	20	0
19	1	18	20	0
20	2	18	20	380
